1301
1332
1377
1379
1515
1518
1780
1801
1802
1803
1808
1812
1813
1814
1815
1820
1833
1835
1852
1860
1861
1870
1871
1873
1878
1879
1882
1885
1888
1893
1898
1899
1911
1925
1926
1928
1929
1930
1934
1938
1939
1941
1942
1944
1945
1946
1950
1951
1952
1959
1961
1963
1964
1968
1969
1975
1976
1979
1980
1982
2001
2002
2004
2053
2108
2109
2201
2206
2207
2209
2211
2212
2217
2220
2222
2264
2266
2267
2281
2282
2288
2292
2501
2502
2503
2531
2533
2540
2579
2593
2594
2602
2607
2801
2802
2804
2809
2810
2811
2815
2871
2874
2875
2897
2908
2910
2914
2915
2918
3002
3003
3101
3103
3104
3105
3106
3107
3109
3110
3116
3201
3302
3401
3402
3405
3407
3501
3569
3580
3591
3593
3861
3864
3865
3877
3880
3941
3946
3950
4004
4005
4008
4021
4022
4023
4025
4027
4028
4041
4042
4043
4044
4045
4046
4047
4061
4062
4063
4064
4078
4088
4091
4092
4095
4097
4099
4112
4114
4116
4118
4151
4182
4183
4186
4187
4202
4203
4204
4205
4206
4208
4212
4216
4218
4220
4221
4228
4229
4272
4362
4401
4403
4410
4452
4461
4462
4471
4502
4503
4506
4507
4516
4519
4521
4523
4526
4527
4528
4530
4534
4536
4538
4540
4543
4544
4547
4548
4549
4552
4553
4554
4611
4612
4613
4617
4626
4631
4633
4634
4901
4902
4911
4912
4914
4917
4951
4956
4958
4996
4997
5011
5101
5105
5108
5110
5121
5122
5142
5185
5186
5192
5195
5201
5202
5208
5214
5232
5233
5261
5262
5269
5301
5302
5331
5332
5333
5334
5344
5351
5357
5384
5393
5401
5406
5408
5410
5423
5444
5445
5451
5461
5463
5471
5480
5482
5541
5563
5602
5631
5632
5659
5702
5706
5707
5711
5713
5714
5715
5727
5757
5801
5802
5803
5805
5851
5852
5901
5902
5911
5929
5930
5933
5938
5943
5946
5947
5949
5957
5959
5975
5976
5981
5988
5989
5991
6005
6013
6101
6103
6104
6113
6118
6134
6135
6136
6140
6141
6143
6146
6151
6201
6222
6247
6272
6273
6277
6278
6279
6282
6284
6287
6289
6294
6298
6301
6302
6305
6306
6310
6326
6330
6331
6332
6339
6340
6345
6349
6351
6358
6361
6363
6364
6367
6368
6369
6370
6371
6376
6379
6381
6383
6390
6395
6407
6412
6413
6417
6418
6419
6420
6436
6440
6445
6448
6454
6455
6457
6458
6459
6463
6471
6472
6473
6474
6479
6480
6481
6486
6490
6498
6501
6503
6504
6506
6507
6508
6516
6517
6584
6586
6588
6590
6592
6594
6622
6644
6645
6651
6652
6653
6701
6702
6703
6706
6707
6718
6741
6742
6744
6745
6752
6753
6754
6758
6762
6763
6768
6770
6779
6794
6798
6800
6804
6806
6807
6809
6814
6817
6820
6841
6844
6845
6849
6850
6856
6857
6859
6861
6866
6869
6902
6905
6908
6914
6920
6923
6925
6929
6941
6947
6951
6952
6954
6958
6961
6962
6963
6965
6966
6971
6976
6981
6986
6988
6995
6996
6997
6999
7003
7004
7011
7012
7013
7102
7201
7202
7203
7211
7224
7226
7231
7236
7238
7239
7240
7241
7242
7244
7245
7246
7250
7259
7261
7267
7269
7270
7272
7276
7278
7280
7282
7283
7294
7296
7309
7414
7419
7421
7433
7438
7447
7453
7456
7458
7459
7466
7475
7476
7482
7483
7701
7721
7723
7729
7731
7733
7734
7735
7739
7740
7741
7751
7752
7762
7769
7888
7893
7911
7912
7914
7915
7917
7921
7925
7936
7942
7943
7947
7949
7951
7952
7955
7956
7962
7965
7966
7970
7972
7974
7976
7979
7981
7984
7988
7989
7990
7994
7995
8001
8002
8005
8007
8008
8011
8012
8014
8015
8016
8020
8022
8031
8032
8035
8037
8043
8050
8051
8052
8053
8056
8057
8058
8059
8060
8061
8065
8070
8074
8075
8078
8079
8081
8084
8086
8088
8091
8093
8095
8097
8098
8101
8103
8111
8113
8125
8129
8130
8132
8133
8136
8137
8141
8142
8150
8151
8153
8154
8157
8158
8159
8160
8163
8167
8173
8174
8179
8185
8194
8200
8203
8214
8217
8218
8219
8227
8233
8237
8242
8252
8253
8255
8267
8273
8276
8278
8281
8282
8331
8334
8336
8337
8338
8341
8343
8344
8345
8346
8358
8359
8360
8361
8362
8364
8366
8367
8368
8381
8386
8387
8388
8392
8393
8395
8399
8511
8522
8541
8544
8550
8551
8558
8566
8570
8584
8585
8591
8593
8595
8601
8604
8609
8613
8614
8616
8622
8624
8801
8802
8803
8804
8818
8830
8848
8850
8860
9001
9003
9005
9006
9007
9008
9009
9010
9020
9031
9041
9042
9044
9045
9046
9048
9052
9064
9065
9068
9069
9072
9075
9076
9081
9101
9104
9107
9110
9119
9202
9301
9302
9303
9304
9305
9310
9319
9364
9401
9404
9405
9432
9433
9470
9474
9501
9502
9503
9504
9505
9506
9507
9508
9509
9511
9531
9532
9533
9534
9535
9536
9601
9602
9603
9605
9612
9616
9619
9621
9622
9627
9628
9629
9644
9658
9663
9672
9678
9682
9684
9692
9697
9699
9702
9706
9715
9716
9722
9729
9735
9740
9742
9743
9744
9746
9755
9757
9759
9765
9766
9769
9788
9790
9793
9795
9824
9830
9831
9832
9837
9842
9843
9850
9861
9869
9880
9882
9887
9889
9900
9902
9928
9932
9934
9936
9946
9948
9956
9960
9962
9974
9983
9984
9987
9989
9990
9991
9997